0.00141421
0.961538
0.981627
1.06671
1.11543
1.12853
1.12235
1.12244
1.0229
1.01289
0.939916
0.844946
0.802195
0.718088
0.674485
0.6748
0.651923
0.691244
0.720704
0.801397
0.808891
0.966497
0.962943
1.07955
1.08492
1.14178
1.13644
1.13529
1.03802
0.978226
0.949595
0.821569
0.776672
0.729517
0.689053
0.660244
0.684096
0.663892
0.725494
0.785316
0.826486
0.963769
0.979903
1.0447
1.10611
1.14613
1.13014
1.11402
1.04235
1.00652
0.929831
0.839577
0.775711
0.735772
0.68618
0.631913
0.700199
0.652822
0.736183
0.760442
0.852969
0.936111
0.998943
1.06263
1.1219
1.12343
1.13889
1.09199
1.06406
1.01025
0.941819
0.885489
0.762282
0.75973
0.682091
0.631992
0.69896
0.678015
0.736905
0.777217
0.86387
0.918164
1.01108
1.03919
1.13613
1.09857
1.15213
1.1089
1.06129
1.01585
0.935227
0.900779
0.770317
0.746235
0.698447
0.645373
0.672297
0.685757
0.725103
0.787785
0.872787
0.908251
1.02245
1.02503
1.14229
1.11817
1.14817
1.10419
1.08568
1.00492
0.956999
0.86931
0.78508
0.746102
0.680672
0.660786
0.647462
0.695533
0.699826
0.79538
0.848301
0.931097
0.990559
1.04442
1.12242
1.14107
1.13749
1.11488
1.06653
1.01278
0.937432
0.866963
0.803092
0.714208
0.670992
0.675707
0.636738
0.698445
0.696787
0.802644
0.8191
0.93393
0.974016
1.0739
1.07242
1.16125
1.10145
1.13231
1.06518
0.992196
0.943094
0.851836
0.777621
0.719948
0.690584
0.670316
0.655104
0.67644
0.696059
0.78097
0.847868
0.936784
0.989601
1.08318
1.05609
1.18184
1.1168
1.11351
1.05832
1.00261
0.919838
0.856785
0.786899
0.720547
0.694032
0.64413
0.674709
0.65687
0.724881
0.757147
0.86944
0.935263
0.991536
1.08532
1.08251
1.14649
1.13396
1.08163
1.09088
0.996911
0.941283
0.88462
0.785881
0.729318
0.698067
0.643699
0.677564
0.658055
0.733349
0.771037
