0
0.0998334
0.198669
0.29552
0.389418
0.479426
0.564642
0.644218
0.717356
0.783327
0.841471
0.891207
0.932039
0.963558
0.98545
0.997495
0.999574
0.991665
0.973848
0.9463
0.909297
0.863209
0.808496
0.745705
0.675463
0.598472
0.515501
0.42738
0.334988
0.239249
0.14112
0.0415807
-0.0583741
-0.157746
-0.255541
-0.350783
-0.44252
-0.529836
-0.611858
-0.687766
-0.756802
-0.818277
-0.871576
-0.916166
-0.951602
-0.97753
-0.993691
-0.999923
-0.996165
-0.982453
-0.958924
-0.925815
-0.883455
-0.832267
-0.772764
-0.70554
-0.631267
-0.550686
-0.464602
-0.373877
-0.279415
-0.182163
-0.0830894
