5.65201e+09
5.65201e+09
5.65202e+09
5.65203e+09
5.65205e+09
5.65208e+09
5.6521e+09
5.65213e+09
5.65217e+09
5.6522e+09
5.65224e+09
5.65228e+09
5.65232e+09
5.65236e+09
5.6524e+09
5.65243e+09
5.65247e+09
5.6525e+09
5.65253e+09
5.65256e+09
5.65258e+09
5.6526e+09
5.65262e+09
5.65263e+09
5.65263e+09
5.65263e+09
5.65263e+09
5.65262e+09
5.6526e+09
5.65258e+09
5.65256e+09
5.65253e+09
5.6525e+09
5.65247e+09
5.65243e+09
5.6524e+09
5.65236e+09
5.65232e+09
5.65228e+09
5.65224e+09
5.6522e+09
5.65217e+09
5.65214e+09
5.6521e+09
5.65208e+09
5.65205e+09
5.65204e+09
5.65202e+09
5.65201e+09
5.65201e+09
5.65201e+09
5.65201e+09
5.65202e+09
5.65203e+09
5.65205e+09
5.65208e+09
5.6521e+09
5.65213e+09
5.65217e+09
5.6522e+09
5.65224e+09
5.65228e+09
5.65232e+09
5.65236e+09
5.65239e+09
5.65243e+09
5.65247e+09
5.6525e+09
5.65253e+09
5.65256e+09
5.65258e+09
5.6526e+09
5.65262e+09
5.65263e+09
5.65263e+09
5.65263e+09
5.65263e+09
5.65262e+09
5.6526e+09
5.65258e+09
5.65256e+09
5.65254e+09
5.65251e+09
5.65247e+09
5.65244e+09
5.6524e+09
5.65236e+09
5.65232e+09
5.65228e+09
5.65224e+09
5.6522e+09
5.65217e+09
5.65213e+09
5.65211e+09
5.65208e+09
5.65205e+09
5.65204e+09
5.65202e+09
5.65201e+09
5.65201e+09
5.65201e+09
5.65201e+09
5.65202e+09
5.65203e+09
5.65205e+09
5.65208e+09
5.6521e+09
5.65213e+09
5.65217e+09
5.6522e+09
5.65224e+09
5.65228e+09
5.65232e+09
5.65235e+09
5.65239e+09
5.65243e+09
5.65247e+09
5.6525e+09
5.65253e+09
5.65256e+09
5.65258e+09
5.6526e+09
5.65262e+09
5.65263e+09
5.65263e+09
5.65263e+09
5.65263e+09
5.65262e+09
5.6526e+09
5.65258e+09
5.65256e+09
5.65254e+09
5.65251e+09
5.65247e+09
5.65244e+09
5.6524e+09
5.65236e+09
5.65232e+09
5.65228e+09
5.65224e+09
5.6522e+09
5.65217e+09
5.65214e+09
5.6521e+09
5.65208e+09
5.65206e+09
5.65204e+09
5.65202e+09
5.65201e+09
5.65201e+09
5.65201e+09
5.65201e+09
5.65202e+09
5.65203e+09
5.65205e+09
5.65207e+09
5.6521e+09
5.65213e+09
5.65216e+09
5.6522e+09
5.65224e+09
5.65228e+09
5.65232e+09
5.65235e+09
5.65239e+09
5.65243e+09
5.65247e+09
5.6525e+09
5.65253e+09
5.65256e+09
5.65258e+09
5.6526e+09
5.65262e+09
5.65263e+09
5.65263e+09
5.65263e+09
5.65263e+09
5.65262e+09
5.6526e+09
5.65259e+09
5.65256e+09
5.65254e+09
5.6525e+09
5.65247e+09
5.65244e+09
5.6524e+09
5.65236e+09
5.65232e+09
5.65228e+09
5.65224e+09
5.65221e+09
5.65217e+09
5.65214e+09
5.65211e+09
5.65208e+09
5.65206e+09
5.65203e+09
5.65202e+09
5.65201e+09
5.652e+09
5.65201e+09
5.65201e+09
5.65202e+09
5.65204e+09
5.65205e+09
5.65207e+09
5.6521e+09
5.65213e+09
5.65216e+09
5.6522e+09
5.65223e+09
5.65227e+09
5.65232e+09
5.65235e+09
5.65239e+09
5.65243e+09
5.65246e+09
5.6525e+09
5.65253e+09
5.65256e+09
5.65258e+09
5.6526e+09
5.65261e+09
5.65263e+09
5.65263e+09
5.65263e+09
5.65263e+09
5.65262e+09
5.6526e+09
5.65258e+09
5.65256e+09
5.65254e+09
5.65251e+09
5.65247e+09
5.65244e+09
5.6524e+09
5.65236e+09
5.65232e+09
5.65228e+09
5.65224e+09
5.65221e+09
5.65217e+09
5.65214e+09
5.65211e+09
5.65208e+09
5.65206e+09
5.65204e+09
5.65202e+09
5.65201e+09
5.65201e+09
5.65201e+09
5.65201e+09
5.65202e+09
5.65203e+09
5.65205e+09
5.65207e+09
5.6521e+09
5.65213e+09
5.65216e+09
5.6522e+09
5.65223e+09
5.65227e+09
5.65231e+09
5.65235e+09
5.65239e+09
5.65243e+09
5.65247e+09
5.6525e+09
5.65253e+09
5.65256e+09
5.65258e+09
5.6526e+09
5.65262e+09
5.65262e+09
5.65263e+09
5.65263e+09
5.65263e+09
5.65262e+09
5.6526e+09
5.65259e+09
5.65256e+09
5.65254e+09
5.65251e+09
5.65247e+09
5.65244e+09
5.6524e+09
5.65236e+09
5.65232e+09
5.65229e+09
5.65225e+09
5.65221e+09
5.65217e+09
5.65214e+09
5.65211e+09
5.65208e+09
5.65205e+09
5.65204e+09
5.65202e+09
5.65201e+09
5.65201e+09
5.652e+09
5.65201e+09
5.65202e+09
5.65204e+09
5.65205e+09
5.65207e+09
5.6521e+09
5.65213e+09
5.65216e+09
5.65219e+09
5.65224e+09
5.65227e+09
5.65231e+09
5.65235e+09
5.65239e+09
5.65243e+09
5.65246e+09
5.6525e+09
5.65253e+09
5.65255e+09
5.65258e+09
5.6526e+09
5.65262e+09
5.65262e+09
5.65263e+09
5.65263e+09
5.65263e+09
5.65262e+09
5.6526e+09
5.65259e+09
5.65256e+09
5.65254e+09
5.65251e+09
5.65248e+09
5.65244e+09
5.6524e+09
5.65236e+09
5.65233e+09
5.65228e+09
5.65225e+09
5.65221e+09
5.65217e+09
5.65214e+09
5.65211e+09
5.65208e+09
5.65206e+09
5.65204e+09
5.65202e+09
5.65201e+09
5.652e+09
5.652e+09
5.65201e+09
5.65202e+09
5.65203e+09
5.65205e+09
5.65207e+09
5.6521e+09
5.65213e+09
5.65216e+09
5.65219e+09
5.65223e+09
5.65227e+09
5.65231e+09
5.65235e+09
5.65239e+09
5.65243e+09
5.65246e+09
5.6525e+09
5.65253e+09
5.65256e+09
5.65258e+09
5.6526e+09
5.65261e+09
5.65263e+09
5.65263e+09
5.65263e+09
5.65263e+09
5.65262e+09
5.6526e+09
5.65259e+09
5.65256e+09
5.65254e+09
5.65251e+09
5.65247e+09
5.65244e+09
5.65241e+09
5.65237e+09
5.65233e+09
5.65229e+09
5.65225e+09
5.65221e+09
5.65217e+09
5.65214e+09
5.65211e+09
5.65208e+09
5.65206e+09
5.65204e+09
5.65202e+09
5.65201e+09
5.65201e+09
5.652e+09
5.65201e+09
5.65202e+09
5.65203e+09
5.65205e+09
5.65207e+09
5.6521e+09
5.65213e+09
5.65216e+09
5.6522e+09
5.65223e+09
5.65227e+09
5.65231e+09
5.65235e+09
5.65239e+09
5.65243e+09
5.65246e+09
5.65249e+09
5.65253e+09
5.65255e+09
5.65258e+09
5.6526e+09
5.65261e+09
5.65263e+09
5.65263e+09
5.65263e+09
5.65263e+09
5.65262e+09
5.65261e+09
5.65259e+09
5.65257e+09
5.65254e+09
5.65251e+09
5.65248e+09
5.65244e+09
5.65241e+09
5.65236e+09
5.65233e+09
5.65229e+09
5.65225e+09
5.65221e+09
5.65218e+09
5.65214e+09
5.65211e+09
5.65208e+09
5.65206e+09
5.65204e+09
5.65202e+09
5.65201e+09
5.65201e+09
5.652e+09
5.65201e+09
5.65202e+09
5.65203e+09
5.65205e+09
5.65207e+09
5.6521e+09
5.65213e+09
5.65216e+09
5.65219e+09
5.65224e+09
5.65227e+09
5.65231e+09
5.65235e+09
5.65239e+09
5.65243e+09
5.65246e+09
5.6525e+09
5.65253e+09
5.65255e+09
5.65258e+09
5.6526e+09
5.65261e+09
5.65263e+09
5.65263e+09
5.65263e+09
5.65263e+09
5.65262e+09
5.65261e+09
5.65258e+09
5.65257e+09
5.65254e+09
5.65251e+09
5.65247e+09
5.65244e+09
5.65241e+09
5.65237e+09
5.65233e+09
5.65229e+09
5.65225e+09
5.65221e+09
5.65217e+09
5.65214e+09
5.65211e+09
5.65208e+09
5.65206e+09
5.65204e+09
5.65202e+09
5.65201e+09
5.65201e+09
